Id	Type						Time		Length	Hex	Ascii	
17	In  (USB URB Function: 8)	0.000000	18		12 01 10 01 00 00 00 40 bd 28 75 00 00 00 01 02 00 01	.......@.(u.......	
17	In  (USB URB Function: 8)	0.000369	9		09 02 5b 00 03 01 00 80 23	..[.....#	
17	In  (USB URB Function: 8)	0.000886	91		09 02 5b 00 03 01 00 80 23 09 04 00 00 01 03 01 02 00 09 21 00 01 00 01 22 8b 00 07 05 82 03 08 00 04 09 04 01 00 01 03 01 02 00 09 21 00 01 00 01 22 73 00 07 05 81 03 10 00 03 09 04 02 00 02 03 00 00 00 09 21 00 01 00 01 22 24 00 07 05 83 03 08 00 03 07 05 03 03 08 00 0a	..[.....#..........!...."...................!...."s..................!...."$...............	
17	In  (USB URB Function: 8)	0.003370	4		0c 03 47 00	..G.	
17	In  (USB URB Function: 8)	0.000370	12		0c 03 47 00 34 00 33 00 30 00 53 00	..G.4.3.0.S.	
17	In  (USB URB Function: 8)	0.003006	4		0c 03 47 00	..G.	
17	In  (USB URB Function: 8)	0.000365	12		0c 03 47 00 34 00 33 00 30 00 53 00	..G.4.3.0.S.	
17	In  (USB URB Function: 8)	0.003512	4		0c 03 47 00	..G.	
17	In  (USB URB Function: 8)	0.000365	12		0c 03 47 00 34 00 33 00 30 00 53 00	..G.4.3.0.S.	
18	URB_FUNCTION_GET_DESCRIPTOR_FROM_DEVICE	0.008252	18	12 01 10 01 00 00 00 40 bd 28 75 00 00 00 01 02 00 01	.......@.(u.......	
18	URB_FUNCTION_GET_DESCRIPTOR_FROM_DEVICE	0.000014	9	09 02 22 00 01 01 00 80 23	..".....#	
18	URB_FUNCTION_GET_DESCRIPTOR_FROM_DEVICE	0.000006	34	09 02 22 00 01 01 00 80 23 09 04 00 00 01 03 01 02 00 09 21 00 01 00 01 22 8b 00 07 05 82 03 08 00 04	..".....#..........!....".........	
17	In  (USB URB Function: 8)	0.001480	139		05 01 09 02 a1 01 85 08 09 01 a1 00 05 09 19 01 29 03 15 00 25 01 95 03 75 01 81 02 95 05 81 01 05 01 09 30 09 31 09 38 09 00 15 81 25 7f 75 08 95 04 81 06 c0 c0 05 01 09 02 a1 01 85 09 09 01 a1 00 05 09 19 01 29 03 15 00 25 01 95 03 75 01 81 02 95 05 81 01 05 01 09 30 09 31 26 ff 7f 95 02 75 10 81 02 05 0d 09 30 26 ff 03 95 01 75 10 81 02 c0 c0 05 01 09 00 a1 01 85 04 a1 00 26 ff 00 09 00 75 08 95 07 b1 02 c0 c0	................)...%...u..........0.1.8....%u.......................)...%...u..........0.1&...u......0&....u...............&....u.......	
18	In  (USB URB Function: 8)	0.000003	139		05 01 09 02 a1 01 85 08 09 01 a1 00 05 09 19 01 29 03 15 00 25 01 95 03 75 01 81 02 95 05 81 01 05 01 09 30 09 31 09 38 09 00 15 81 25 7f 75 08 95 04 81 06 c0 c0 05 01 09 02 a1 01 85 09 09 01 a1 00 05 09 19 01 29 03 15 00 25 01 95 03 75 01 81 02 95 05 81 01 05 01 09 30 09 31 26 ff 7f 95 02 75 10 81 02 05 0d 09 30 26 ff 03 95 01 75 10 81 02 c0 c0 05 01 09 00 a1 01 85 04 a1 00 26 ff 00 09 00 75 08 95 07 b1 02 c0 c0	................)...%...u..........0.1.8....%u.......................)...%...u..........0.1&...u......0&....u...............&....u.......	
19	URB_FUNCTION_GET_DESCRIPTOR_FROM_DEVICE	0.004702	18	12 01 10 01 00 00 00 40 bd 28 75 00 00 00 01 02 00 01	.......@.(u.......	
19	URB_FUNCTION_GET_DESCRIPTOR_FROM_DEVICE	0.000011	9	09 02 22 00 01 01 00 80 23	..".....#	
19	URB_FUNCTION_GET_DESCRIPTOR_FROM_DEVICE	0.000005	34	09 02 22 00 01 01 00 80 23 09 04 01 00 01 03 01 02 00 09 21 00 01 00 01 22 73 00 07 05 81 03 10 00 03	..".....#..........!...."s........	
17	In  (USB URB Function: 8)	0.001417	115		05 0d 09 01 a1 01 85 07 09 20 a1 00 09 42 09 44 09 45 15 00 25 01 75 01 95 03 81 02 95 02 81 03 09 32 95 01 81 02 95 02 81 03 75 10 95 01 35 00 a4 05 01 09 30 65 13 55 0d 46 34 03 27 60 4f 00 00 81 02 09 31 46 4d 04 27 88 3b 00 00 81 02 b4 09 30 45 00 26 ff 07 81 02 c0 c0 09 0e a1 01 85 05 09 23 a1 02 09 52 09 53 25 0a 75 08 95 02 b1 02 c0 c0	......... ...B.D.E..%.u..........2........u...5.....0e.U.F4.'`O.....1FM.'.;......0E.&.............#...R.S%.u.......	
19	In  (USB URB Function: 8)	0.000002	115		05 0d 09 01 a1 01 85 07 09 20 a1 00 09 42 09 44 09 45 15 00 25 01 75 01 95 03 81 02 95 02 81 03 09 32 95 01 81 02 95 02 81 03 75 10 95 01 35 00 a4 05 01 09 30 65 13 55 0d 46 34 03 27 60 4f 00 00 81 02 09 31 46 4d 04 27 88 3b 00 00 81 02 b4 09 30 45 00 26 ff 07 81 02 c0 c0 09 0e a1 01 85 05 09 23 a1 02 09 52 09 53 25 0a 75 08 95 02 b1 02 c0 c0	......... ...B.D.E..%.u..........2........u...5.....0e.U.F4.'`O.....1FM.'.;......0E.&.............#...R.S%.u.......	
20	URB_FUNCTION_GET_DESCRIPTOR_FROM_DEVICE	0.004745	18	12 01 10 01 00 00 00 40 bd 28 75 00 00 00 01 02 00 01	.......@.(u.......	
20	URB_FUNCTION_GET_DESCRIPTOR_FROM_DEVICE	0.000010	9	09 02 29 00 01 01 00 80 23	..).....#	
20	URB_FUNCTION_GET_DESCRIPTOR_FROM_DEVICE	0.000004	41	09 02 29 00 01 01 00 80 23 09 04 02 00 02 03 00 00 00 09 21 00 01 00 01 22 24 00 07 05 83 03 08 00 03 07 05 03 03 08 00 0a	..).....#..........!...."$...............	
17	In  (USB URB Function: 8)	0.000867	36	06 0a ff 09 01 a1 01 85 02 09 02 75 08 95 07 15 00 26 ff 00 81 02 09 03 75 08 95 07 15 00 26 ff 00 91 02 c0	...........u.....&......u.....&.....	
20	In  (USB URB Function: 8)	0.000003	36	06 0a ff 09 01 a1 01 85 02 09 02 75 08 95 07 15 00 26 ff 00 81 02 09 03 75 08 95 07 15 00 26 ff 00 91 02 c0	...........u.....&......u.....&.....	
17	In  (USB URB Function: 8)	0.005981	12	0c 03 47 00 34 00 33 00 30 00 53 00	..G.4.3.0.S.	
19	In  (USB URB Function: 8)	0.000004	12	0c 03 47 00 34 00 33 00 30 00 53 00	..G.4.3.0.S.	
22	R	0.000498	80	00 00 00 00 00 00 00 00 09 e0 31 01 00 00 00 00 ff ef 31 01 00 00 00 00 01 00 00 00 01 00 00 00 01 00 00 00 00 00 89 00 38 79 1e 1d 8e f4 ff ff 50 77 1e 1d 8e f4 ff ff 00 00 00 00 00 00 00 00 02 00 00 00 00 00 00 00 00 00 00 00 00 00 00 00	..........1.......1.....................8y......Pw..............................	
